#########################!!!! Do Not change space or order, DO NOT WORK WITH 1FILE #########################
***********************file directory *******************
Axel
********************output file ****************
Axel
*************Number of file**************************
128
************Number of pixels*********
108
***********Gain **** ********
3.25e6
***********RQ ranges*** *********
54
55
***********VBD ranges************
55
55.2 
**************** OV TYP pour DCR **********
2.5
**********************************Temperature **********
m40
************* Breakdown Voltage *************
48.9159811985 
48.9054741635 
48.8711901577 
48.8847250871 
48.8705546446 
48.8804080636 
48.8769109243 
48.8767016205 
48.8476925886 
 48.849439338 
 48.8609004348 
 48.8654629106 
 48.8719117204 
 48.8610622377 
 48.8367485988 
 48.8535082282 
 48.8249200254 
 48.8299692945 
 48.8500920361 
 48.8594869038 
 48.8383734775 
 48.8055165815 
 48.8254413127 
 48.8384155295 
 48.8137390614 
 48.7993335856 
 48.8224018195 
 48.8132929364 
 48.8096539343 
 48.8020534949 
 48.8391996631 
 48.8411983916 
 48.8230635604 
 48.8207449228 
 48.8259140525 
 48.8454254488 
 48.8706028299 
 48.8588232501 
 48.850288852 
 48.8806112703 
 48.8525754958 
 48.8663051975 
 48.8754699997 
 48.8896381753 
 48.8951369016 
 48.911416056 
 48.8909095356 
 48.9278201576 
 48.8981359575 
 48.9339897077 
 48.9328776611 
 48.9442538627 
 48.9480483584 
 48.9139820692 
 48.911845832 
 48.9276186959 
 48.9326219467 
 48.9419368191 
 48.9460251694 
 48.9451067999 
 48.9772621941 
 48.9797728969 
 49.0050784564 
 48.995075112 
 48.9115128105 
 48.8949998891 
 48.86862824 
 48.8465610918 
 48.8447571594 
 48.8443959468 
 48.8424087711 
 48.8548471236 
 48.8474516421 
 48.8626652029 
 48.8305743629 
 48.8588227579 
 48.872558841 
 48.8716584613 
 48.8699768016 
 48.8850792196 
 48.8423673446 
 48.8554149658 
 48.8554788171 
 48.8680744737 
 48.8565809847 
 48.8616273444 
 48.8885873084 
 48.8658626269 
 48.8716183155 
 48.8603250826 
 48.8642148968 
 48.8607405096 
 48.8732519957 
 48.8746668936 
 48.8633895579 
 48.865821996 
 48.8874292504 
 48.8852203762 
 48.8665670029 
  48.8840014747 
  48.8650784503 
  48.8894763809 
  48.8538769009 
  48.8540225824 
  48.8354062225 
  48.8752831624 
  48.8565425141 
  48.8609073099 
  48.8696298202 
  48.8705171216 
  48.8443213383 
  48.8604609823 
  48.8285922942 
  48.838732824 
  48.8635852098 
  48.8837827124 
  48.8403831873 
  48.872705031 
  48.857200838 
  48.8615761732 
  48.877882138 
  48.8854420086 
  48.8691157294 
  48.8573852188 
  48.8671265073 
  48.8896686858 
  48.8970791624 
  48.907833161 